# Stellar parameters
Teff = 6460.0
Rs = 1.458

# Planetary parameters
Rp = 1.865
Mp = 1.184
P = 1.2749255
a = 0.02544

# Gas
T = 2358.0
p = 1.0
met = 1
