# Stellar parameters
Teff = 6052
Rs = 1.18655

# Planetary parameters
Rp = 1.36
Mp = 0.69
P = 3.52
a = 0.04707

# Gas
T = 1000.0
p = 1.0
met = 10
